0000
000c
0200
08c4
0000
0015
0200
08c5
0000
0000
0200
08c6
0000
0030
0200
08c7
0000
0001
0200
08c8
0000
0002
0200
08c9
0000
0003
0200
08ca
0000
0004
0200
08cb
0000
0000
0200
08cc
0000
0000
0200
08d0
1200
002a
1200
0035
1200
0072
1200
0147
1200
01b2
1200
0270
1300
0100
08c5
0200
08c0
0000
0000
0200
08c2
0000
0000
0200
08c1
1200
08b8
0100
08c1
0040
0001
0910
0200
08c1
0100
08c1
0040
0100
0E10
0000
0000
0009
0001
0E00
1108
0058
1100
005a
1100
0041
0100
08c2
0040
0001
0910
0200
08c2
0100
08c2
0040
0100
0E10
0000
0000
0009
0001
0E00
1108
006f
1100
0071
1100
003d
1300
0000
0000
0200
08d1
0000
0000
0200
08d2
0100
08c6
0200
08c0
0100
08d1
0040
0002
1200
0883
0200
08c1
0100
08d2
0040
0002
1200
0883
0200
08c2
1200
024b
0100
08d1
0040
0001
0910
0200
08d1
0100
08d1
0040
0080
0E10
0000
0000
0009
0001
0E00
1108
00a5
1100
00a7
1100
007a
0000
0000
0200
08d1
0000
007f
0200
08d2
0100
08c6
0200
08c0
0100
08d1
0040
0002
1200
0883
0200
08c1
0100
08d2
0040
0002
1200
0883
0200
08c2
1200
024b
0100
08d1
0040
0001
0910
0200
08d1
0100
08d1
0040
0080
0E10
0000
0000
0009
0001
0E00
1108
00da
1100
00dc
1100
00af
0000
0000
0200
08d1
0000
0000
0200
08d2
0100
08c6
0200
08c0
0100
08d1
0040
0002
1200
0883
0200
08c1
0100
08d2
0040
0002
1200
0883
0200
08c2
1200
024b
0100
08d2
0040
0001
0910
0200
08d2
0100
08d2
0040
0080
0E10
0000
0000
0009
0001
0E00
1108
010f
1100
0111
1100
00e4
0000
007f
0200
08d1
0000
0000
0200
08d2
0100
08c6
0200
08c0
0100
08d1
0040
0002
1200
0883
0200
08c1
0100
08d2
0040
0002
1200
0883
0200
08c2
1200
024b
0100
08d2
0040
0001
0910
0200
08d2
0100
08d2
0040
0080
0E10
0000
0000
0009
0001
0E00
1108
0144
1100
0146
1100
0119
1300
0000
0000
0200
08cf
1200
0893
0040
007f
0B10
0080
08d3
01C0
08cf
09B0
0420
1200
0893
0040
007f
0B10
0080
08f3
01C0
08cf
09B0
0420
0100
08cf
0040
0001
0910
0200
08cf
0100
08cf
0040
0020
0E10
0000
0000
0009
0001
0E00
1108
0176
1100
0178
1100
014b
0000
0000
0200
08cf
0100
08c7
0200
08c0
0080
08d3
01C0
08cf
09B0
0320
0040
0002
1200
0883
0200
08c1
0080
08f3
01C0
08cf
09B0
0320
0040
0002
1200
0883
0200
08c2
1200
024b
0100
08cf
0040
0001
0910
0200
08cf
0100
08cf
0040
0020
0E10
0000
0000
0009
0001
0E00
1108
01af
1100
01b1
1100
017c
1300
0000
0004
0200
08cd
0000
0000
0200
08ce
0000
0020
0080
091c
00C0
0000
09B0
0420
0000
0021
0080
091c
00C0
0001
09B0
0420
0000
0022
0080
091c
00C0
0002
09B0
0420
0000
0023
0080
091c
00C0
0003
09B0
0420
0000
0024
0080
091c
00C0
0004
09B0
0420
0000
0040
0080
0d1c
00C0
0000
09B0
0420
0000
0040
0080
0d1c
00C0
0001
09B0
0420
0000
0040
0080
0d1c
00C0
0002
09B0
0420
0000
0040
0080
0d1c
00C0
0003
09B0
0420
0000
0040
0080
0d1c
00C0
0004
09B0
0420
0100
08cb
0200
0915
0100
08ce
0200
08cf
0100
08c4
0200
08c0
0080
091c
01C0
08cf
09B0
0320
0040
0002
1200
0883
0200
08c1
0080
0d1c
01C0
08cf
09B0
0320
0040
0002
1200
0883
0200
08c2
1200
024b
0100
08cf
0040
0001
0910
0200
08cf
0100
08cd
0040
0001
0910
0140
08cf
0E10
0000
0000
0009
0001
0E00
1108
0248
1100
024a
1100
0212
1300
1200
08b8
0100
08c1
0040
0001
0910
0200
08c1
1200
08b8
0100
08c2
0040
0001
0910
0200
08c2
1200
08b8
0100
08c1
0040
0001
0A10
0200
08c1
1200
08b8
0100
08c2
0040
0001
0A10
0200
08c2
1300
1200
08b6
0040
00ff
0B10
0200
0913
0100
0913
0040
0010
0E10
0000
0000
0009
0001
0E00
1108
028b
1200
0035
1200
0072
1200
0147
1200
01b2
0000
0000
0200
0914
1200
08b6
0040
00ff
0B10
0200
0913
0100
0913
0040
0008
0E10
0000
0000
0009
0001
0E00
1108
02b2
0100
0915
0140
08c9
0E10
0000
0000
000D
0001
0E00
1108
02b2
0100
08c8
0200
0915
0100
0913
0040
0004
0E10
0000
0000
0009
0001
0E00
1108
02ce
0100
0915
0140
08c8
0E10
0000
0000
000D
0001
0E00
1108
02ce
0100
08c9
0200
0915
0100
0913
0040
0002
0E10
0000
0000
0009
0001
0E00
1108
02ea
0100
0915
0140
08cb
0E10
0000
0000
000D
0001
0E00
1108
02ea
0100
08ca
0200
0915
0100
0913
0040
0001
0E10
0000
0000
0009
0001
0E00
1108
0306
0100
0915
0140
08ca
0E10
0000
0000
000D
0001
0E00
1108
0306
0100
08cb
0200
0915
0100
0914
0040
0001
0910
0200
0914
0100
0914
0040
008c
0E10
0000
0000
0009
0001
0E00
1108
031b
1100
031d
1100
028f
0080
091c
01C0
08cd
09B0
0320
0200
0916
0080
0d1c
01C0
08cd
09B0
0320
0200
0917
0100
0915
0140
08c8
0E10
0000
0000
0009
0001
0E00
1108
0340
0100
0917
0040
0001
0A10
0200
0917
0100
0915
0140
08c9
0E10
0000
0000
0009
0001
0E00
1108
0353
0100
0917
0040
0001
0910
0200
0917
0100
0915
0140
08ca
0E10
0000
0000
0009
0001
0E00
1108
0366
0100
0916
0040
0001
0A10
0200
0916
0100
0915
0140
08cb
0E10
0000
0000
0009
0001
0E00
1108
0379
0100
0916
0040
0001
0910
0200
0916
0100
08ce
0200
08cf
0080
091c
01C0
08cf
09B0
0320
0200
0918
0080
0d1c
01C0
08cf
09B0
0320
0200
0919
0100
0918
0140
0916
0E10
0000
0000
0009
0001
0E00
1108
03a7
0100
0919
0140
0917
0E10
0000
0000
0009
0001
0E00
1108
03a7
1200
0510
0100
08cf
0040
0001
0910
0200
08cf
0100
08cd
0040
0001
0910
0140
08cf
0E10
0000
0000
0009
0001
0E00
1108
03bf
1100
03c1
1100
037d
0100
0916
0040
0000
0E10
0000
0000
0009
0001
0E00
1108
03cf
1200
0510
0100
0916
0040
007f
0E10
0000
0000
0009
0001
0E00
1108
03dd
1200
0510
0100
0917
0040
0000
0E10
0000
0000
0009
0001
0E00
1108
03eb
1200
0510
0100
0917
0040
007f
0E10
0000
0000
0009
0001
0E00
1108
03f9
1200
0510
0000
0000
0200
08cf
0080
08d3
01C0
08cf
09B0
0320
0200
091a
0080
08f3
01C0
08cf
09B0
0320
0200
091b
0100
0916
0140
091a
0E10
0000
0000
0009
0001
0E00
1108
0444
0100
0917
0140
091b
0E10
0000
0000
0009
0001
0E00
1108
0444
0100
08d0
0040
000a
0910
0200
08d0
1200
0893
0040
007f
0B10
0080
08d3
01C0
08cf
09B0
0420
1200
0893
0040
007f
0B10
0080
08f3
01C0
08cf
09B0
0420
1100
045b
0100
08cf
0040
0001
0910
0200
08cf
0100
08cf
0040
0020
0E10
0000
0000
0009
0001
0E00
1108
0459
1100
045b
1100
03fd
0100
08cd
0040
0001
0910
0200
08cd
0100
0916
0080
091c
01C0
08cd
09B0
0420
0100
0917
0080
0d1c
01C0
08cd
09B0
0420
0100
08c4
0200
08c0
0080
091c
01C0
08cd
09B0
0320
0040
0002
1200
0883
0200
08c1
0080
0d1c
01C0
08cd
09B0
0320
0040
0002
1200
0883
0200
08c2
1200
024b
0100
08d0
0040
0000
0E10
0000
0000
0009
0001
0E00
1108
04c1
0100
08c5
0200
08c0
0080
091c
01C0
08ce
09B0
0320
0040
0002
1200
0883
0200
08c1
0080
0d1c
01C0
08ce
09B0
0320
0040
0002
1200
0883
0200
08c2
1200
024b
0100
08ce
0040
0001
0910
0200
08ce
0100
08d0
0040
0000
0E10
0000
0000
000D
0001
0E00
1108
04d4
0100
08d0
0040
0001
0A10
0200
08d0
0000
0000
0200
08cf
0100
08c7
0200
08c0
0080
08d3
01C0
08cf
09B0
0320
0040
0002
1200
0883
0200
08c1
0080
08f3
01C0
08cf
09B0
0320
0040
0002
1200
0883
0200
08c2
1200
024b
0100
08cf
0040
0001
0910
0200
08cf
0100
08cf
0040
0020
0E10
0000
0000
0009
0001
0E00
1108
050b
1100
050d
1100
04d8
1100
0270
1300
0000
0000
0200
111c
0100
111c
0200
08c0
0000
005d
0200
08c1
0000
0073
0200
08c2
1200
06fa
1200
0551
1200
0746
1200
0674
1200
0876
1200
0792
1200
07e5
1200
0674
1200
0825
0100
111c
0040
0001
0910
0200
111c
1200
08b6
0040
00ff
0B10
0200
0913
0100
0913
0040
0010
0E10
0000
0000
0009
0001
0E00
1108
054e
1200
002a
1100
0514
1300
0100
08c0
0180
08c1
01C0
08c2
0880
0001
08C0
0002
1000
08C0
0001
1000
08C0
0001
1000
08C0
0001
1000
08C0
0001
1000
08C0
0001
1000
0880
0004
1000
08C0
ffff
1000
08C0
ffff
1000
08C0
ffff
1000
08C0
ffff
1000
08C0
ffff
1000
08C0
ffff
0880
ffff
1000
0880
ffff
1000
0880
ffff
1000
08C0
0003
1000
0880
0001
1000
0880
0001
1000
0880
0003
08C0
fffc
0280
08c1
02C0
08c2
1300
0100
08c0
0180
08c1
01C0
08c2
0880
0001
08C0
0001
1000
08C0
0001
1000
08C0
0001
1000
08C0
0001
1000
08C0
0001
1000
08C0
0001
1000
08C0
0001
1000
0880
0001
1000
0880
0001
1000
0880
0001
1000
0880
0001
08C0
ffff
1000
08C0
ffff
1000
08C0
fffe
1000
08C0
ffff
1000
08C0
ffff
0880
ffff
1000
0880
ffff
1000
0880
ffff
1000
08C0
0003
1000
0880
0001
1000
0880
0001
1000
0880
0003
08C0
fffc
0280
08c1
02C0
08c2
1300
0100
08c0
0180
08c1
01C0
08c2
0880
0001
08C0
0002
1000
08C0
0001
1000
08C0
0001
1000
08C0
0001
1000
08C0
0001
1000
08C0
0001
0880
0001
1000
0880
0001
1000
0880
0001
1000
0880
0001
08C0
ffff
1000
08C0
fffc
1000
08C0
ffff
0880
ffff
1000
0880
ffff
1000
0880
ffff
1000
0880
0005
08C0
ffff
0280
08c1
02C0
08c2
1300
0100
08c0
0180
08c1
01C0
08c2
0880
0001
08C0
0001
1000
08C0
0001
1000
08C0
0001
1000
08C0
0001
1000
08C0
0001
1000
08C0
0001
1000
08C0
0001
1000
0880
0001
1000
0880
0001
1000
0880
0001
1000
0880
0001
08C0
ffff
1000
08C0
ffff
1000
08C0
ffff
1000
08C0
ffff
1000
08C0
ffff
1000
08C0
ffff
0880
ffff
1000
0880
ffff
1000
0880
ffff
1000
0880
0005
08C0
ffff
0280
08c1
02C0
08c2
1300
0100
08c0
0180
08c1
01C0
08c2
0880
0001
08C0
0001
1000
08C0
0001
1000
08C0
0001
1000
08C0
0001
1000
08C0
0001
1000
08C0
0001
1000
08C0
0001
1000
0880
0001
1000
0880
0001
1000
0880
0001
1000
0880
0001
1000
08C0
fffa
1000
0880
ffff
1000
0880
ffff
1000
0880
ffff
1000
08C0
0003
1000
0880
0001
1000
0880
0001
1000
0880
0003
08C0
fffc
0280
08c1
02C0
08c2
1300
0100
08c0
0180
08c1
01C0
08c2
0880
0001
08C0
0001
1000
08C0
0001
1000
08C0
0001
1000
08C0
0001
1000
08C0
0001
1000
08C0
0001
1000
08C0
0001
1000
0880
0001
08C0
fffd
1000
0880
0001
1000
0880
0001
1000
0880
0001
08C0
fffd
1000
0880
ffff
1000
0880
ffff
1000
0880
ffff
1000
0880
0005
08C0
ffff
0280
08c1
02C0
08c2
1300
0100
08c0
0180
08c1
01C0
08c2
0880
0001
08C0
0002
1000
08C0
0001
1000
08C0
0001
1000
08C0
0001
1000
08C0
0001
1000
08C0
0001
0880
0001
1000
0880
0001
1000
0880
0001
1000
0880
0001
08C0
ffff
1000
08C0
ffff
1000
08C0
ffff
1000
0880
ffff
1000
0880
ffff
1000
08C0
fffe
0880
0002
1000
08C0
ffff
0880
ffff
1000
0880
ffff
1000
0880
ffff
1000
0880
0005
08C0
ffff
0280
08c1
02C0
08c2
1300
0100
08c0
0180
08c1
01C0
08c2
0880
0001
08C0
0001
1000
08C0
0001
1000
08C0
0001
1000
08C0
0001
1000
08C0
0001
1000
08C0
0001
1000
08C0
0001
1000
0880
0004
1000
08C0
ffff
1000
08C0
ffff
1000
08C0
ffff
1000
08C0
ffff
1000
08C0
ffff
1000
08C0
ffff
1000
0880
ffff
08C0
0001
1000
0880
ffff
08C0
0001
1000
08C0
ffff
0880
ffff
1000
0880
0005
08C0
ffff
08C0
ffff
0280
08c1
02C0
08c2
1300
0100
08c0
0180
08c1
01C0
08c2
0880
0001
08C0
0002
1000
08C0
0001
1000
08C0
0001
1000
08C0
0001
1000
08C0
0001
1000
08C0
0001
0880
0001
1000
0880
0001
1000
0880
0001
1000
0880
0001
08C0
ffff
1000
08C0
ffff
1000
08C0
ffff
1000
08C0
ffff
1000
08C0
ffff
1000
08C0
ffff
0880
ffff
1000
0880
ffff
1000
0880
ffff
1000
08C0
0005
08C0
ffff
0880
0005
08C0
ffff
08C0
ffff
08C0
ffff
08C0
ffff
08C0
ffff
0280
08c1
02C0
08c2
1300
0100
08c0
0180
08c1
01C0
08c2
0880
0001
08C0
0001
1000
08C0
0001
1000
08C0
0001
1000
08C0
0001
1000
0880
0001
08C0
0001
1000
08C0
0001
1000
0880
0001
08C0
0001
1000
0880
0001
08C0
ffff
1000
08C0
ffff
1000
0880
0001
08C0
ffff
1000
08C0
ffff
1000
08C0
ffff
1000
08C0
ffff
1000
0880
0002
08C0
ffff
0280
08c1
02C0
08c2
1300
0100
08c0
0180
08c1
01C0
08c2
0880
0001
08C0
0001
1000
08C0
0001
1000
08C0
0001
1000
08C0
0001
1000
08C0
0001
1000
08C0
0001
1000
08C0
0001
1000
0880
0004
1000
08C0
ffff
1000
08C0
ffff
1000
08C0
ffff
08C0
ffff
1000
08C0
ffff
1000
08C0
ffff
0880
ffff
1000
0880
ffff
1000
0880
ffff
1000
08C0
0003
1000
0880
0001
1000
0880
0001
1000
0880
0003
08C0
ffff
08C0
ffff
08C0
ffff
08C0
ffff
0280
08c1
02C0
08c2
1300
0100
08c0
0180
08c1
01C0
08c2
0880
0007
0280
08c1
02C0
08c2
1300
0580
0000
0000
0E60
05DB
056B
05BB
0EA0
1308
0910
0880
ffff
1100
088a
1300
1300
0100
08c3
0040
000f
1200
0883
0800
0013
0540
0640
0640
0700
0700
0D10
0540
0640
0640
0700
0700
0D10
0540
0640
0640
0700
0700
0D10
0540
0640
0640
0700
0700
0D10
0200
08c3
1300
0F00
1300
0100
08c0
0180
08c1
01C0
08c2
1000
1300
0000
0000
0000
0000
0000
0000
0000
0000
0000
0000
0000
0000
0000
0000
0000
0000
0000
0000
0000
0000
0000
0000
0000
0000
0000
0000
0000
0000
0000
0000
0000
0000
0000
0000
0000
0000
0000
0000
0000
0000
0000
0000
0000
0000
0000
0000
0000
0000
0000
0000
0000
0000
0000
0000
0000
0000
0000
0000
0000
0000
0000
0000
0000
0000
0000
0000
0000
0000
0000
0000
0000
0000
0000
0000
0000
0000
0000
0000
0000
0000
0000
0000
0000
0000
0000
0000
0000
0000
0000
0000
0000
0000
0000
0000
0000
0000
0000
0000
0000
0000
0000
0000
0000
0000
0000
0000
0000
0000
0000
0000
0000
0000
0000
0000
0000
0000
0000
0000
0000
0000
0000
0000
0000
0000
0000
0000
0000
0000
0000
0000
0000
0000
0000
0000
0000
0000
0000
0000
0000
0000
0000
0000
0000
0000
0000
0000
0000
0000
0000
0000
0000
0000
0000
0000
0000
0000
0000
0000
0000
0000
0000
0000
0000
0000
0000
0000
0000
0000
0000
0000
0000
0000
0000
0000
0000
0000
0000
0000
0000
0000
0000
0000
0000
0000
0000
0000
0000
0000
0000
0000
0000
0000
0000
0000
0000
0000
0000
0000
0000
0000
0000
0000
0000
0000
0000
0000
0000
0000
0000
0000
0000
0000
0000
0000
0000
0000
0000
0000
0000
0000
0000
0000
0000
0000
0000
0000
0000
0000
0000
0000
0000
0000
0000
0000
0000
0000
0000
0000
0000
0000
0000
0000
0000
0000
0000
0000
0000
0000
0000
0000
0000
0000
0000
0000
0000
0000
0000
0000
0000
0000
0000
0000
0000
0000
0000
0000
0000
0000
0000
0000
0000
0000
0000
0000
0000
0000
0000
0000
0000
0000
0000
0000
0000
0000
0000
0000
0000
0000
0000
0000
0000
0000
0000
0000
0000
0000
0000
0000
0000
0000
0000
0000
0000
0000
0000
0000
0000
0000
0000
0000
0000
0000
0000
0000
0000
0000
0000
0000
0000
0000
0000
0000
0000
0000
0000
0000
0000
0000
0000
0000
0000
0000
0000
0000
0000
0000
0000
0000
0000
0000
0000
0000
0000
0000
0000
0000
0000
0000
0000
0000
0000
0000
0000
0000
0000
0000
0000
0000
0000
0000
0000
0000
0000
0000
0000
0000
0000
0000
0000
0000
0000
0000
0000
0000
0000
0000
0000
0000
0000
0000
0000
0000
0000
0000
0000
0000
0000
0000
0000
0000
0000
0000
0000
0000
0000
0000
0000
0000
0000
0000
0000
0000
0000
0000
0000
0000
0000
0000
0000
0000
0000
0000
0000
0000
0000
0000
0000
0000
0000
0000
0000
0000
0000
0000
0000
0000
0000
0000
0000
0000
0000
0000
0000
0000
0000
0000
0000
0000
0000
0000
0000
0000
0000
0000
0000
0000
0000
0000
0000
0000
0000
0000
0000
0000
0000
0000
0000
0000
0000
0000
0000
0000
0000
0000
0000
0000
0000
0000
0000
0000
0000
0000
0000
0000
0000
0000
0000
0000
0000
0000
0000
0000
0000
0000
0000
0000
0000
0000
0000
0000
0000
0000
0000
0000
0000
0000
0000
0000
0000
0000
0000
0000
0000
0000
0000
0000
0000
0000
0000
0000
0000
0000
0000
0000
0000
0000
0000
0000
0000
0000
0000
0000
0000
0000
0000
0000
0000
0000
0000
0000
0000
0000
0000
0000
0000
0000
0000
0000
0000
0000
0000
0000
0000
0000
0000
0000
0000
0000
0000
0000
0000
0000
0000
0000
0000
0000
0000
0000
0000
0000
0000
0000
0000
0000
0000
0000
0000
0000
0000
0000
0000
0000
0000
0000
0000
0000
0000
0000
0000
0000
0000
0000
0000
0000
0000
0000
0000
0000
0000
0000
0000
0000
0000
0000
0000
0000
0000
0000
0000
0000
0000
0000
0000
0000
0000
0000
0000
0000
0000
0000
0000
0000
0000
0000
0000
0000
0000
0000
0000
0000
0000
0000
0000
0000
0000
0000
0000
0000
0000
0000
0000
0000
0000
0000
0000
0000
0000
0000
0000
0000
0000
0000
0000
0000
0000
0000
0000
0000
0000
0000
0000
0000
0000
0000
0000
0000
0000
0000
0000
0000
0000
0000
0000
0000
0000
0000
0000
0000
0000
0000
0000
0000
0000
0000
0000
0000
0000
0000
0000
0000
0000
0000
0000
0000
0000
0000
0000
0000
0000
0000
0000
0000
0000
0000
0000
0000
0000
0000
0000
0000
0000
0000
0000
0000
0000
0000
0000
0000
0000
0000
0000
0000
0000
0000
0000
0000
0000
0000
0000
0000
0000
0000
0000
0000
0000
0000
0000
0000
0000
0000
0000
0000
0000
0000
0000
0000
0000
0000
0000
0000
0000
0000
0000
0000
0000
0000
0000
0000
0000
0000
0000
0000
0000
0000
0000
0000
0000
0000
0000
0000
0000
0000
0000
0000
0000
0000
0000
0000
0000
0000
0000
0000
0000
0000
0000
0000
0000
0000
0000
0000
0000
0000
0000
0000
0000
0000
0000
0000
0000
0000
0000
0000
0000
0000
0000
0000
0000
0000
0000
0000
0000
0000
0000
0000
0000
0000
0000
0000
0000
0000
0000
0000
0000
0000
0000
0000
0000
0000
0000
0000
0000
0000
0000
0000
0000
0000
0000
0000
0000
0000
0000
0000
0000
0000
0000
0000
0000
0000
0000
0000
0000
0000
0000
0000
0000
0000
0000
0000
0000
0000
0000
0000
0000
0000
0000
0000
0000
0000
0000
0000
0000
0000
0000
0000
0000
0000
0000
0000
0000
0000
0000
0000
0000
0000
0000
0000
0000
0000
0000
0000
0000
0000
0000
0000
0000
0000
0000
0000
0000
0000
0000
0000
0000
0000
0000
0000
0000
0000
0000
0000
0000
0000
0000
0000
0000
0000
0000
0000
0000
0000
0000
0000
0000
0000
0000
0000
0000
0000
0000
0000
0000
0000
0000
0000
0000
0000
0000
0000
0000
0000
0000
0000
0000
0000
0000
0000
0000
0000
0000
0000
0000
0000
0000
0000
0000
0000
0000
0000
0000
0000
0000
0000
0000
0000
0000
0000
0000
0000
0000
0000
0000
0000
0000
0000
0000
0000
0000
0000
0000
0000
0000
0000
0000
0000
0000
0000
0000
0000
0000
0000
0000
0000
0000
0000
0000
0000
0000
0000
0000
0000
0000
0000
0000
0000
0000
0000
0000
0000
0000
0000
0000
0000
0000
0000
0000
0000
0000
0000
0000
0000
0000
0000
0000
0000
0000
0000
0000
0000
0000
0000
0000
0000
0000
0000
0000
0000
0000
0000
0000
0000
0000
0000
0000
0000
0000
0000
0000
0000
0000
0000
0000
0000
0000
0000
0000
0000
0000
0000
0000
0000
0000
0000
0000
0000
0000
0000
0000
0000
0000
0000
0000
0000
0000
0000
0000
0000
0000
0000
0000
0000
0000
0000
0000
0000
0000
0000
0000
0000
0000
0000
0000
0000
0000
0000
0000
0000
0000
0000
0000
0000
0000
0000
0000
0000
0000
0000
0000
0000
0000
0000
0000
0000
0000
0000
0000
0000
0000
0000
0000
0000
0000
0000
0000
0000
0000
0000
0000
0000
0000
0000
0000
0000
0000
0000
0000
0000
0000
0000
0000
0000
0000
0000
0000
0000
0000
0000
0000
0000
0000
0000
0000
0000
0000
0000
0000
0000
0000
0000
0000
0000
0000
0000
0000
0000
0000
0000
0000
0000
0000
0000
0000
0000
0000
0000
0000
0000
0000
0000
0000
0000
0000
0000
0000
0000
0000
0000
0000
0000
0000
0000
0000
0000
0000
0000
0000
0000
0000
0000
0000
0000
0000
0000
0000
0000
0000
0000
0000
0000
0000
0000
0000
0000
0000
0000
0000
0000
0000
0000
0000
0000
0000
0000
0000
0000
0000
0000
0000
0000
0000
0000
0000
0000
0000
0000
0000
0000
0000
0000
0000
0000
0000
0000
0000
0000
0000
0000
0000
0000
0000
0000
0000
0000
0000
0000
0000
0000
0000
0000
0000
0000
0000
0000
0000
0000
0000
0000
0000
0000
0000
0000
0000
0000
0000
0000
0000
0000
0000
0000
0000
0000
0000
0000
0000
0000
0000
0000
0000
0000
0000
0000
0000
0000
0000
0000
0000
0000
0000
0000
0000
0000
0000
0000
0000
0000
0000
0000
0000
0000
0000
0000
0000
0000
0000
0000
0000
0000
0000
0000
0000
0000
0000
0000
0000
0000
0000
0000
0000
0000
0000
0000
0000
0000
0000
0000
0000
0000
0000
0000
0000
0000
0000
0000
0000
0000
0000
0000
0000
0000
0000
0000
0000
0000
0000
0000
0000
0000
0000
0000
0000
0000
0000
0000
0000
0000
0000
0000
0000
0000
0000
0000
0000
0000
0000
0000
0000
0000
0000
0000
0000
0000
0000
0000
0000
0000
0000
0000
0000
0000
0000
0000
0000
0000
0000
0000
0000
0000
0000
0000
0000
0000
0000
0000
0000
0000
0000
0000
0000
0000
0000
0000
0000
0000
0000
0000
0000
0000
0000
0000
0000
0000
0000
0000
0000
0000
0000
0000
0000
0000
0000
0000
0000
0000
0000
0000
0000
0000
0000
0000
0000
0000
0000
0000
0000
0000
0000
0000
0000
0000
0000
0000
0000
0000
0000
0000
0000
0000
0000
0000
0000
0000
0000
0000
0000
0000
0000
0000
0000
0000
0000
0000
0000
0000
0000
0000
0000
0000
0000
0000
0000
0000
0000
0000
0000
0000
0000
0000
0000
0000
0000
0000
0000
0000
0000
0000
0000
0000
0000
0000
0000
0000
0000
0000
0000
0000
0000
0000
0000
0000
0000
0000
0000
0000
0000
0000
0000
0000
0000
0000
0000
0000
0000
0000
0000
0000
0000
0000
0000
0000
0000
0000
0000
0000
0000
0000
0000
0000
0000
0000
0000
0000
0000
0000
0000
0000
0000
0000
0000
0000
0000
0000
0000
0000
0000
0000
0000
0000
0000
0000
0000
0000
0000
0000
0000
0000
0000
0000
0000
0000
0000
0000
0000
0000
0000
0000
0000
0000
0000
0000
0000
0000
0000
0000
0000
0000
0000
0000
0000
0000
0000
0000
0000
0000
0000
0000
0000
0000
0000
0000
0000
0000
0000
0000
0000
0000
0000
0000
0000
0000
0000
0000
0000
0000
0000
0000
0000
0000
0000
0000
0000
0000
0000
0000
0000
0000
0000
0000
0000
0000
0000
0000
0000
0000
0000
0000
0000
0000
0000
0000
0000
0000
0000
0000
0000
0000
0000
0000
0000
0000
0000
0000
0000
0000
0000
0000
0000
0000
0000
0000
0000
0000
0000
0000
0000
0000
0000
0000
0000
0000
0000
0000
0000
0000
0000
0000
0000
0000
0000
0000
0000
0000
0000
0000
0000
0000
0000
0000
0000
0000
0000
0000
0000
0000
0000
0000
0000
0000
0000
0000
0000
0000
0000
0000
0000
0000
0000
0000
0000
0000
0000
0000
0000
0000
0000
0000
0000
0000
0000
0000
0000
0000
0000
0000
0000
0000
0000
0000
0000
0000
0000
0000
0000
0000
0000
0000
0000
0000
0000
0000
0000
0000
0000
0000
0000
0000
0000
0000
0000
0000
0000
0000
0000
0000
0000
0000
0000
0000
0000
0000
0000
0000
0000
0000
0000
0000
0000
0000
0000
0000
0000
0000
0000
0000
0000
0000
0000
0000
0000
0000
0000
0000
0000
0000
0000
0000
0000
0000
0000
0000
0000
0000
0000
0000
0000
0000
0000
0000
0000
0000
0000
0000
0000
0000
0000
0000
0000
0000
0000
0000
0000
0000
0000
0000
0000
0000
0000
0000
0000
0000
0000
0000
0000
0000
0000
0000
0000
0000
0000
0000
0000
0000
0000
0000
0000
0000
0000
0000
0000
0000
0000
0000
0000
0000
0000
0000
0000
0000
0000
0000
0000
0000
0000
0000
0000
0000
0000
0000
0000
0000
0000
0000
0000
0000
0000
0000
0000
0000
0000
0000
0000
0000
0000
0000
0000
0000
0000
0000
0000
0000
0000
0000
0000
0000
0000
0000
0000
0000
0000
0000
0000
0000
0000
0000
0000
0000
0000
0000
0000
0000
0000
0000
0000
0000
0000
0000
0000
0000
0000
0000
0000
0000
0000
0000
0000
0000
0000
0000
0000
0000
0000
0000
0000
0000
0000
0000
0000
0000
0000
0000
0000
0000
0000
0000
0000
0000
0000
0000
0000
0000
0000
0000
0000
0000
0000
0000
0000
0000
0000
0000
0000
0000
0000
0000
0000
0000
0000
0000
0000
0000
0000
0000
0000
0000
0000
0000
0000
0000
0000
0000
0000
0000
0000
0000
0000
0000
0000
0000
0000
0000
0000
0000
0000
0000
0000
0000
0000
0000
0000
0000
0000
0000
0000
0000
0000
0000
0000
0000
0000
0000
0000
0000
0000
0000
0000
0000
0000
0000
0000
0000
0000
0000
0000
0000
0000
0000
0000
0000
0000
0000
0000
0000
0000
0000
0000
0000
0000
0000
0000
0000
0000
0000
0000
0000
0000
0000
0000
0000
0000
0000
0000
0000
0000
0000
0000
0000
0000
0000
0000
0000
0000
0000
0000
0000
0000
0000
0000
0000
0000
0000
0000
0000
0000
0000
0000
0000
0000
0000
0000
0000
0000
0000
0000
0000
0000
0000
0000
0000
0000
0000
0000
0000
0000
0000
0000
0000
0000
0000
0000
0000
0000
0000
0000
0000
0000
0000
0000
0000
0000
0000
0000
0000
0000
0000
0000
0000
0000
0000
0000
0000
0000
0000
0000
0000
0000
0000
0000
0000
0000
0000
0000
0000
0000
0000
0000
0000
0000
0000
0000
0000
0000
0000
0000
0000
0000
0000
0000
0000
0000
0000
0000
0000
0000
0000
0000
0000
0000
0000
0000
0000
0000
0000
0000
